Pressure_Anal=[0.000000000000000E+000 -5.362168946140625E-007  8.740336414642020E-006
 -4.489631019335970E-005  1.434430428892894E-004 -3.528184412541889E-004
  7.346769374254144E-004 -1.362416832385122E-003  2.318746228343797E-003
 -3.692109174712765E-003  5.571494188928178E-003 -8.039811606282992E-003
  1.116570566452034E-002 -1.499469377474395E-002  1.954046706728165E-002
 -2.477735129022316E-002  3.063640610854555E-002 -3.700361973220611E-002
  4.372583732553620E-002 -5.061731366893328E-002  5.747526110065693E-002
 -6.409298320654173E-002  7.027967929505620E-002 -7.587273741437077E-002
  8.075465191813022E-002 -8.485621992539837E-002  8.816619016664139E-002
 -9.072105779160608E-002  9.260803889049274E-002 -9.394483512952770E-002
  9.488054482464330E-002 -9.557511188783170E-002  9.620474628927866E-002
 -9.695714814779563E-002  9.803454602809067E-002 -9.904376853628800E-002
  0.117410568807117      -0.258360452565769      -0.233539211297721     
 -0.255724796637000      -2.119050260001825E-002 -9.452058116846310E-002
  0.307009178843617       0.309262490890824       0.912235966980210     
   1.11526101811753       0.933586031667199       0.830013720583709     
  0.638286614023678      -0.591370143548389      -0.528484380871845     
  -1.32419288981575       -1.95633570246780       -3.56364833539518     
  -3.61359155723056       -3.33065434841297       -2.61552016610771     
  -1.27877466101566        1.21464583772957        3.68430168357215     
   5.97756394365858        7.99860766044736        12.0889883856916     
   11.4844774582287        10.4324114783588        10.5659250866253     
  0.640756059504762       -8.77032524210440       -15.0839619557841     
  -21.0347535669066       -25.9631255550658       -28.0030852854851     
  -21.4258722419381       -13.0691874551330       -6.45520773377969     
   8.61129863686554        26.4693301531365        38.5064450965028     
   50.0024532332565        55.9331599689793        56.7231383206070     
   48.6003326983965        34.0205182882281        8.02464186997642     
  -22.8015424973755       -53.5300318872383       -85.2020476353579     
  -106.037830923442       -121.616645032252       -127.327125162312     
  -79.2936328192178       -8.91328945314910        39.2923883104906     
   92.1301153633759        120.524810557865        123.879944427034     
   135.220628987510        130.181327159711        104.748151195414     
   84.9509102387778        41.3958470989522       -26.5499349261492     
  -75.1798170497096       -151.331274785847       -205.240913331809     
  -215.541924180063       -258.247182179396       -197.932917801386     
  -50.9247361420927        80.9422414551490        137.255140085401     
   180.608114187799        183.949844495996        167.715704645406     
   147.358135425635        125.704907128466        85.7206045917608     
   40.5917713515547       -6.67274238331758       -68.7930086832582     
  -115.008694363590       -166.424332196153       -199.788098561378     
  -189.064338210987       -144.952020122775       -66.5748963087312     
   11.4074207878423        70.0620597952315        113.760337357068     
   118.819077488213        113.147989110746        97.8738362541217     
   77.8219639078920        55.8871306177593        32.6000736104612     
   1.17749875436445       -29.7155045028933       -53.5213475953777     
  -67.2046487830796       -69.6882764682927       -64.6335001858473     
  -50.5883458364870       -27.8750223202942       -8.97489728485205     
   12.2074933144655        27.2949124208003        32.1487844882025     
   32.0060034297003        30.8002759071348        24.1757833963205     
   17.1337595511894        9.19932261688255        1.53670893770496     
  -5.41902931622932       -9.76005213762269       -12.6764393766795     
  -12.3451797715329       -9.65711530229265       -7.38022666854350     
  -7.04693260250156       -2.75174652619342       0.191792028453445     
   3.12205129420338        3.31354824378499        3.89179988769592     
   3.61610741243394        2.86292727165892        1.57628601311964     
   1.40008427238234       0.686190485119914       0.201007210504784     
 -0.747240326074898      -0.976664207516572       -1.26134255767360     
  -1.00209270990459      -0.686633069309680      -0.200122054805695     
 -0.353398448890108      -6.152908744302882E-003 -2.107879049412377E-003
  0.197873472240896       7.610709357030745E-002  0.312618927264825     
  1.019305587850657E-002  0.272377435984595       6.851091177852267E-002
 -4.395325933177344E-002 -0.186400236280679      -6.467827492389566E-003
 -7.112772232981893E-002  0.115241005214486      -0.106913175002906     
  4.368699281148127E-002 -0.102176444564385       6.483187807341539E-002
 -7.372333040256289E-002  6.795802544404826E-002 -4.121231245876223E-002
  6.495655182815392E-002 -0.122902959583394       5.162607976292723E-002
 -7.946897684342213E-003  9.162558100704184E-002 -7.471097781567795E-002
  2.658818241953018E-002  6.986876170743568E-004  9.047316188711418E-002
 -1.773539592772374E-002  1.985042232573304E-002  3.258249149277161E-002
  0.147503449328861      -0.100360948401306      -4.480822534757053E-003
 -4.060248299397354E-002 -2.197077523932506E-002  7.908037858021025E-002
  8.883033622045944E-002 -0.100790931731767      -2.023385830285614E-002
 -3.018077281399897E-002  5.565077389846565E-002 -3.508007095996774E-002
  2.298473506989798E-002 -1.413943570346559E-003  3.092709204942074E-002
 -1.452765993577802E-002  2.747459411209753E-003 -3.118297259568299E-002
  4.029731363815480E-002  1.914399411866503E-002  2.832648814710287E-002
 -7.148221852510642E-002 -4.963330556437073E-002  2.087316189139331E-002
 -2.104495299654427E-002  5.332220390535727E-002  2.945383828776439E-003
 -0.119293067563044       2.104105694509412E-002 -6.506886916640552E-002
  4.552848871985107E-002  9.856652721481191E-002  9.844832277224132E-003
 -1.396109775746862E-002 -2.205447578863270E-002  2.099597385763552E-002
  1.946303361656233E-002 -4.410223128464697E-002 -4.834967097444326E-002
 -7.920547487337282E-004  1.698218241270820E-002  1.313176284528280E-002
  2.475725702955227E-003 -3.116122275496736E-002 -2.262146171982723E-002
  6.213676312382438E-002 -8.504500854733985E-002 -4.146653484659366E-002
  6.063609762851958E-002  0.193469473288045       7.613300049512775E-002
 -0.123789202508894      -0.257046548613589      -3.462400083337713E-002
  0.195643251592811       0.142445002317732      -0.101802924426584     
  8.671890092362237E-002  4.998511591475342E-002 -0.119543577353139     
 -2.666381111608415E-002  2.443803540990676E-002  8.946334209272631E-002
 -4.698544952358896E-003 -6.125653815282552E-002  4.512033341156522E-002
  3.732037698141948E-003 -3.044397754903717E-005 -6.418093111265272E-002
  8.248696879308608E-003  7.157194931856140E-003 -9.831869319326120E-002
 -6.169909326800583E-002  0.126788080473165       0.136334573190501     
  0.106216797197995      -2.223216347743526E-002 -7.306444439582088E-002
 -7.310285214087507E-002 -2.150763829358856E-003  6.682504822171532E-002
  8.858040363793476E-002 -2.161041841345080E-002  3.122119329087678E-003
  2.289821191001232E-002 -2.880186099297605E-002 -0.159921826190940     
  0.142970741912505       2.294692691679313E-002 -6.109089693077002E-002
  0.117360371012696      -9.795653530017064E-002 -0.209281311074781     
  6.657045328035016E-002 -1.598691433438936E-002  5.555008133937878E-002
  6.040833493357452E-002  6.856212788512112E-002 -7.320906533824430E-002
 -3.019861424650030E-002 -2.741703475923134E-002  3.452450591436648E-002
 -1.423311329711791E-002  2.002724366984866E-002 -1.986522121456409E-002
  3.442437209822517E-002  2.307703505315783E-002  5.075368090364310E-002
  2.632038066987478E-003 -6.194809922951384E-002  2.285517794637699E-002
